4294967294,30
4294967294,61
4294967278,223
4294967278,216
4294967294,12
4294967278,215
4294967278,38
4294967278,37
4294967278,36
4294967278,337
4294967278,35
4294967278,336
4294967278,34
4294967278,33
4294967278,334
4294967278,32
4294967278,31
4294967278,30
4294967278,29
4294967278,28
4294967278,27
4294967278,26
4294967278,25
4294967278,24
4294967278,331
4294967278,330
4294967278,329
4294967279,522
4294967279,22
4294967279,21
4294967279,20
4294967279,19
4294967279,18
4294967279,16
4294967279,15
4294967279,520
4294967279,14
4294967279,13
4294967279,12
4294967279,11
4294967279,519
4294967278,205
4294967278,204
4294967279,302
4294967279,299
4294967294,1417
4294967294,966
68,5
68,4
68,3
68,2
68,1
4294967279,298
4294967278,305
4294967279,295
4294967278,374
4294967279,569
4294967279,170
66,5
66,4
4294967279,171
66,3
66,2
66,1
64,4
64,3
64,2
64,1
4294967279,568
4294967294,412
4294967294,183
4294967294,458
4294967294,184
4294967294,116
4294967294,189
4294967294,463
4294967278,373
4294967279,567
4294967279,566
63,6
4294967278,372
63,5
63,4
63,3
63,2
63,1
4294967279,565
4294967294,393
4294967278,297
4294967279,564
4294967279,289
62,5
62,4
62,3
62,2
62,1
4294967279,287
4294967278,293
61,5
4294967279,141
61,4
4294967279,140
61,3
61,2
61,1
4294967279,137
4294967279,285
60,5
60,4
60,3
60,2
60,1
4294967278,133
59,4
59,3
59,2
59,1
4294967279,563
4294967278,272
4294967294,5
4294967294,902
4294967279,278
4294967278,283
4294967294,115
4294967294,38
4294967294,37
4294967278,271
4294967279,562
4294967294,418
4294967278,282
4294967279,518
4294967294,29
4294967278,266
4294967294,965
4294967279,259
4294967294,921
4294967294,44
4294967279,254
4294967279,253
4294967278,257
4294967279,515
4294967279,514
4294967279,174
4294967278,256
4294967279,513
4294967279,512
4294967279,561
4294967278,255
4294967278,322
4294967278,323
4294967279,251
4294967278,254
4294967279,316
4294967294,40
4294967294,1418
4294967294,43
4294967278,321
4294967278,371
4294967279,560
4294967278,253
4294967278,248
4294967294,42
4294967279,247
58,5
4294967278,246
58,4
4294967279,245
58,2
58,1
4294967278,240
4294967278,238
4294967278,237
4294967279,313
4294967294,45
4294967278,235
4294967278,232
4294967278,233
4294967279,232
4294967278,230
4294967278,226
4294967278,222
56,5
56,4
4294967279,219
56,2
56,1
4294967278,218
4294967294,76
4294967294,416
4294967294,51
4294967278,214
4294967278,213
4294967294,53
4294967294,88
4294967294,86
4294967294,85
4294967278,212
4294967294,82
4294967278,211
4294967278,210
54,4
54,3
54,2
54,1
4294967279,311
4294967278,209
4294967278,208
4294967294,99
4294967278,370
4294967294,90
4294967279,559
4294967278,206
53,6
4294967294,92
4294967278,203
4294967279,558
4294967278,319
53,5
4294967294,107
4294967278,202
4294967278,201
53,4
53,3
53,2
53,1
4294967279,309
4294967278,200
4294967294,178
4294967294,177
4294967294,385
4294967294,191
4294967294,415
4294967294,414
4294967294,167
4294967294,410
4294967294,448
4294967294,450
4294967294,457
4294967278,317
4294967279,306
4294967279,305
52,5
52,4
52,3
52,2
52,1
4294967278,312
4294967279,301
4294967278,311
4294967294,185
4294967278,189
4294967294,423
4294967279,557
4294967278,309
4294967278,369
51,5
4294967278,188
4294967278,187
51,4
51,3
51,2
51,1
4294967279,556
4294967278,186
4294967278,368
4294967279,555
4294967279,0
4294967279,297
50,5
50,4
50,3
50,2
50,1
4294967278,304
4294967294,468
4294967278,178
49,4
49,3
49,2
49,1
4294967279,554
0,7
4294967294,899
4294967294,188
4294967294,910
4294967294,917
4294967278,303
4294967294,903
4294967294,0
4294967294,28
4294967278,367
4294967294,387
4294967294,386
4294967279,300
4294967279,260
4294967294,89
4294967294,969
4294967294,389
4294967294,2
4294967279,294
4294967278,302
4294967279,293
4294967278,301
4294967294,469
4294967279,292
4294967278,300
4294967294,91
4294967294,87
4294967294,84
4294967294,950
4294967294,949
4294967294,426
4294967294,96
4294967294,94
4294967279,291
4294967294,9
4294967294,8
4294967294,920
4294967294,27
4294967294,7
4294967294,6
4294967294,11
4294967278,132
4294967278,131
4294967278,130
4294967278,129
4294967278,128
4294967278,127
4294967278,126
4294967278,125
4294967278,124
4294967278,123
4294967278,122
4294967278,121
4294967278,120
4294967278,119
4294967278,118
4294967278,117
4294967278,116
4294967278,115
4294967278,114
4294967278,113
4294967278,112
4294967278,111
4294967278,110
4294967278,109
4294967278,108
4294967278,107
4294967278,106
4294967278,105
4294967278,104
4294967278,103
4294967278,102
4294967278,101
4294967278,100
4294967278,99
4294967278,98
4294967278,97
4294967278,96
4294967278,95
4294967278,94
4294967278,93
4294967278,92
4294967278,91
4294967278,90
4294967278,89
4294967278,87
4294967278,86
4294967278,85
4294967278,84
4294967278,83
4294967278,82
4294967278,81
4294967278,80
4294967278,79
4294967278,78
4294967278,77
4294967278,76
4294967278,75
4294967278,74
4294967278,73
4294967278,72
4294967278,71
4294967278,70
4294967278,69
4294967278,68
4294967278,67
4294967278,66
4294967278,65
4294967278,64
4294967278,63
4294967278,62
4294967278,61
4294967278,60
4294967278,59
4294967278,58
4294967278,57
4294967278,56
4294967278,55
4294967278,54
4294967278,53
4294967278,52
4294967278,51
4294967278,50
4294967278,49
4294967278,48
4294967278,46
4294967278,45
4294967278,42
4294967278,40
4294967278,39
4294967279,17
4294967279,273
4294967279,10
4294967279,9
4294967279,8
4294967279,7
4294967279,6
4294967279,5
4294967279,4
4294967278,47
4294967278,298
4294967279,156
4294967278,366
4294967278,44
4294967279,290
